{
  "accessors": [
    {
      "bufferView": 2,
      "componentType": 5126,
      "count": 25318,
      "max": [
        1.9571211338043213,
        0.8638207912445068,
        -8.127887725830078
      ],
      "min": [
        -1.9598779678344727,
        -1.9971754550933838,
        -10.836626052856445
      ],
      "type": "VEC3"
    },
    {
      "bufferView": 2,
      "byteOffset": 303816,
      "componentType": 5126,
      "count": 25318,
      "max": [
        0.9989835619926453,
        0.9998748302459717,
        0.9996915459632874
      ],
      "min": [
        -0.9999415874481201,
        -0.9994872212409973,
        -0.9995132684707642
      ],
      "type": "VEC3"
    },
    {
      "bufferView": 1,
      "componentType": 5126,
      "count": 25318,
      "max": [
        0.9972710609436035,
        0.9994984865188599
      ],
      "min": [
        0.00042301943176425993,
        0.00390625
      ],
      "type": "VEC2"
    },
    {
      "bufferView": 0,
      "componentType": 5125,
      "count": 126666,
      "type": "SCALAR"
    }
  ],
  "asset": {
    "extras": {
      "author": "SmallpolyArt (https://sketchfab.com/SmallpolyArt)",
      "license": "CC-BY-4.0 (http://creativecommons.org/licenses/by/4.0/)",
      "source": "https://sketchfab.com/3d-models/gym-bag-flat-33bed0e4744c4deaa3561453525396db",
      "title": "Gym Bag, Flat"
    },
    "generator": "Sketchfab-15.10.0",
    "version": "2.0"
  },
  "bufferViews": [
    {
      "buffer": 0,
      "byteLength": 506664,
      "name": "floatBufferViews",
      "target": 34963
    },
    {
      "buffer": 0,
      "byteLength": 202544,
      "byteOffset": 506664,
      "byteStride": 8,
      "name": "floatBufferViews",
      "target": 34962
    },
    {
      "buffer": 0,
      "byteLength": 607632,
      "byteOffset": 709208,
      "byteStride": 12,
      "name": "floatBufferViews",
      "target": 34962
    }
  ],
  "buffers": [
    {
      "byteLength": 1316840,
      "uri": "scene.bin"
    }
  ],
  "extensionsUsed": [
    "KHR_materials_unlit"
  ],
  "images": [
    {
      "uri": "textures/material0_baseColor.jpeg"
    }
  ],
  "materials": [
    {
      "doubleSided": true,
      "extensions": {
        "KHR_materials_unlit": {}
      },
      "name": "material0",
      "pbrMetallicRoughness": {
        "baseColorTexture": {
          "index": 0
        },
        "metallicFactor": 0.0
      }
    }
  ],
  "meshes": [
    {
      "name": "Model_material0_0",
      "primitives": [
        {
          "attributes": {
            "NORMAL": 1,
            "POSITION": 0,
            "TEXCOORD_0": 2
          },
          "indices": 3,
          "material": 0,
          "mode": 4
        }
      ]
    }
  ],
  "nodes": [
    {
      "children": [
        1
      ],
      "matrix": [
        0.9991182684898376,
        0.04183303564786911,
        -0.003564931685104957,
        0.0,
        0.03125521168112755,
        -0.6844077706336976,
        0.7284291982650756,
        0.0,
        0.028032537549734116,
        -0.7278983592987059,
        -0.6851118206977845,
        0.0,
        0.0,
        0.0,
        0.0,
        1.0
      ],
      "name": "Sketchfab_model"
    },
    {
      "children": [
        2
      ],
      "matrix": [
        1.0,
        0.0,
        0.0,
        0.0,
        0.0,
        -1.0,
        0.0,
        0.0,
        0.0,
        0.0,
        -1.0,
        0.0,
        0.0,
        0.0,
        0.0,
        1.0
      ],
      "name": "gym bag flat.fbx"
    },
    {
      "children": [
        3,
        5,
        7,
        9,
        11,
        13,
        15,
        17,
        19,
        21,
        23,
        25,
        27,
        29,
        31,
        33,
        35,
        37,
        39,
        41,
        43,
        45,
        47,
        49,
        51,
        53,
        55,
        57,
        59,
        61,
        63,
        65,
        67,
        69,
        71,
        73,
        75,
        77,
        79,
        81,
        83,
        85,
        87,
        89,
        91,
        93,
        95,
        97,
        99,
        101,
        103,
        105,
        107,
        109,
        111,
        113,
        115,
        117,
        119,
        121,
        123,
        125,
        127,
        129,
        131,
        133,
        135,
        137,
        139,
        141,
        143,
        145,
        147,
        149,
        151,
        153,
        155,
        157,
        159,
        161,
        163,
        165,
        167,
        169,
        171,
        173,
        175,
        177,
        179,
        181,
        183,
        185,
        187,
        189,
        191,
        193,
        195,
        197,
        199,
        201,
        203,
        205,
        207,
        209,
        211,
        213,
        215,
        217,
        219,
        221,
        223,
        225,
        227,
        229,
        231,
        233,
        235,
        237,
        239,
        241,
        243,
        245,
        247,
        249,
        251,
        253,
        255,
        257,
        259,
        261,
        263,
        265,
        267,
        269,
        271,
        273,
        275,
        277,
        279,
        281,
        283,
        285,
        287,
        289,
        291,
        293,
        295,
        297,
        299,
        301,
        303,
        305,
        307,
        309,
        311,
        313,
        315,
        317,
        319,
        321,
        323,
        325,
        327,
        329,
        331,
        333,
        335,
        337,
        339,
        341,
        343,
        345,
        347
      ],
      "name": "RootNode"
    },
    {
      "children": [
        4
      ],
      "name": "Model"
    },
    {
      "mesh": 0,
      "name": "Model_material0_0"
    },
    {
      "children": [
        6
      ],
      "matrix": [
        2.220446049250313e-16,
        6.842277657836021e-49,
        -1.0,
        0.0,
        -7.498798913309288e-33,
        1.0,
        -6.842277657836021e-49,
        0.0,
        1.0,
        7.498798913309288e-33,
        2.220446049250313e-16,
        0.0,
        0.0,
        0.0,
        0.0,
        1.0
      ],
      "name": "SAM_8835.JPG"
    },
    {
      "name": "Object_6"
    },
    {
      "children": [
        8
      ],
      "matrix": [
        0.003854523906973162,
        0.030855505280320276,
        -0.9995164232964592,
        0.0,
        -0.01789783930584615,
        0.9993658718805767,
        0.03078183666639953,
        0.0,
        0.9998323909504195,
        0.01777053500238295,
        0.0044043265201845205,
        0.0,
        -2.0903868675231934,
        -0.41973552107810974,
        0.3817862868309021,
        1.0
      ],
      "name": "SAM_8836.JPG"
    },
    {
      "name": "Object_8"
    },
    {
      "children": [
        10
      ],
      "matrix": [
        0.01599677411161715,
        0.04229687791014286,
        -0.9989770154198125,
        0.0,
        -0.027355932006982206,
        0.998749367331066,
        0.04184918445830033,
        0.0,
        0.9994977519744861,
        0.026658495359827578,
        0.017133838539533097,
        0.0,
        -0.8164148330688477,
        -0.6874357461929321,
        0.6900609135627747,
        1.0
      ],
      "name": "SAM_8837.JPG"
    },
    {
      "name": "Object_10"
    },
    {
      "children": [
        12
      ],
      "matrix": [
        -0.027112570463062813,
        0.053702192885674495,
        -0.9981888513714002,
        0.0,
        -0.05711119639507629,
        0.9968416991581448,
        0.05518095745658784,
        0.0,
        0.9979996091027333,
        0.058503857127308656,
        -0.023959944324204452,
        0.0,
        0.06585680693387985,
        -0.5429513454437256,
        0.7907334566116333,
        1.0
      ],
      "name": "SAM_8838.JPG"
    },
    {
      "name": "Object_12"
    },
    {
      "children": [
        14
      ],
      "matrix": [
        -0.09805231290035787,
        0.02971325485794632,
        -0.9947375867135196,
        0.0,
        -0.12294838400009958,
        0.9915350418273873,
        0.04173674280685394,
        0.0,
        0.9875573091252247,
        0.12639376295572557,
        -0.09356910750476088,
        0.0,
        1.3113378286361694,
        -0.32977959513664246,
        0.5054237246513367,
        1.0
      ],
      "name": "SAM_8839.JPG"
    },
    {
      "name": "Object_14"
    },
    {
      "children": [
        16
      ],
      "matrix": [
        -0.09340510494629428,
        0.04725596479302408,
        -0.9945060885492116,
        0.0,
        -0.12321868290777613,
        0.9906451838322913,
        0.05864534024420563,
        0.0,
        0.9879740090470219,
        0.12801950453491917,
        -0.08670849961906346,
        0.0,
        2.0704076290130615,
        -0.41475358605384827,
        0.546693742275238,
        1.0
      ],
      "name": "SAM_8840.JPG"
    },
    {
      "name": "Object_16"
    },
    {
      "children": [
        18
      ],
      "matrix": [
        -0.36548479342537843,
        -0.2955992638054733,
        -0.8826335258828947,
        0.0,
        -0.6778097187146672,
        0.734417612973963,
        0.03470958037156213,
        0.0,
        0.6379614808048774,
        0.6109434057188018,
        -0.4687785234179991,
        0.0,
        1.6100839376449585,
        0.7931525707244873,
        -1.6190500259399414,
        1.0
      ],
      "name": "SAM_8841.JPG"
    },
    {
      "name": "Object_18"
    },
    {
      "children": [
        20
      ],
      "matrix": [
        -0.36118651069110386,
        -0.2828730340758415,
        -0.8885534036215904,
        0.0,
        -0.6760918633182048,
        0.7356972334259976,
        0.040612474490619,
        0.0,
        0.6422181069151688,
        0.6154124042640521,
        -0.4569720733570444,
        0.0,
        2.124499797821045,
        1.2156305313110352,
        -1.9316112995147705,
        1.0
      ],
      "name": "SAM_8842.JPG"
    },
    {
      "name": "Object_20"
    },
    {
      "children": [
        22
      ],
      "matrix": [
        -0.36173520154742733,
        -0.25985567537373244,
        -0.8953338326777915,
        0.0,
        -0.6666806759960798,
        0.7434143731068833,
        0.05359054125038892,
        0.0,
        0.6516782336512799,
        0.6162873500520363,
        -0.44215990540865047,
        0.0,
        2.435732841491699,
        1.4157357215881348,
        -2.0870258808135986,
        1.0
      ],
      "name": "SAM_8843.JPG"
    },
    {
      "name": "Object_22"
    },
    {
      "children": [
        24
      ],
      "matrix": [
        -0.3610388857729554,
        -0.23761245934551353,
        -0.9017711694901317,
        0.0,
        -0.6466224251526496,
        0.7605652277363015,
        0.05848054076471865,
        0.0,
        0.6719600897743326,
        0.6042192098255438,
        -0.4282391670880499,
        0.0,
        2.857004165649414,
        1.622306227684021,
        -2.2516703605651855,
        1.0
      ],
      "name": "SAM_8844.JPG"
    },
    {
      "name": "Object_24"
    },
    {
      "children": [
        26
      ],
      "matrix": [
        -0.339246273403651,
        -0.21129325849377284,
        -0.916660855985909,
        0.0,
        -0.6222959667461385,
        0.7811679334340929,
        0.05024330349208406,
        0.0,
        0.7054499952181051,
        0.5874792070272721,
        -0.3964952528812715,
        0.0,
        3.108530044555664,
        1.8036023378372192,
        -2.3050127029418945,
        1.0
      ],
      "name": "SAM_8845.JPG"
    },
    {
      "name": "Object_26"
    },
    {
      "children": [
        28
      ],
      "matrix": [
        -0.3094750675554605,
        -0.19808285671957826,
        -0.9300475065475711,
        0.0,
        -0.5745531869567033,
        0.8182926986985957,
        0.016902503201147945,
        0.0,
        0.7577029879309165,
        0.539592662228074,
        -0.36705032481960975,
        0.0,
        3.4856746196746826,
        2.0265231132507324,
        -2.446150541305542,
        1.0
      ],
      "name": "SAM_8846.JPG"
    },
    {
      "name": "Object_28"
    },
    {
      "children": [
        30
      ],
      "matrix": [
        -0.28258357921260924,
        -0.1950041853170201,
        -0.9392123766583554,
        0.0,
        -0.4936389065536023,
        0.8690809562297589,
        -0.03192054910761763,
        0.0,
        0.8224762310826709,
        0.4546115476179782,
        -0.34184966005019213,
        0.0,
        3.8976004123687744,
        2.1974377632141113,
        -2.658353090286255,
        1.0
      ],
      "name": "SAM_8847.JPG"
    },
    {
      "name": "Object_30"
    },
    {
      "children": [
        32
      ],
      "matrix": [
        -0.49989217348982207,
        -0.6302917627860894,
        -0.5940034584475289,
        0.0,
        -0.8015880758452413,
        0.07698539028848272,
        0.5928994909298316,
        0.0,
        -0.3279700772118471,
        0.7725319044842961,
        -0.5437187554310783,
        0.0,
        4.238108158111572,
        3.1048219203948975,
        -4.036412239074707,
        1.0
      ],
      "name": "SAM_8848.JPG"
    },
    {
      "name": "Object_32"
    },
    {
      "children": [
        34
      ],
      "matrix": [
        -0.5205441650446132,
        -0.6059098158802336,
        -0.6015871235806074,
        0.0,
        -0.8225949780907558,
        0.16703881814545907,
        0.543539819380731,
        0.0,
        -0.22884770975012303,
        0.7777990281895126,
        -0.5853694538405418,
        0.0,
        4.1703009605407715,
        3.4753665924072266,
        -4.277157306671143,
        1.0
      ],
      "name": "SAM_8849.JPG"
    },
    {
      "name": "Object_34"
    },
    {
      "children": [
        36
      ],
      "matrix": [
        -0.5569679309007789,
        -0.5650726607726975,
        -0.6086703639864268,
        0.0,
        -0.8226696006371186,
        0.2747423838213242,
        0.4977261804644597,
        0.0,
        -0.1140239103682601,
        0.7779521261488012,
        -0.6178907972165395,
        0.0,
        4.218229293823242,
        3.9191370010375977,
        -4.45958948135376,
        1.0
      ],
      "name": "SAM_8850.JPG"
    },
    {
      "name": "Object_36"
    },
    {
      "children": [
        38
      ],
      "matrix": [
        -0.5622638724684452,
        -0.5334552943798654,
        -0.6318898532298801,
        0.0,
        -0.8265646184885211,
        0.3389710892254296,
        0.4493211903886255,
        0.0,
        -0.025500376070046515,
        0.7749348679517635,
        -0.6315264691625122,
        0.0,
        4.263623237609863,
        4.194340229034424,
        -4.646598815917969,
        1.0
      ],
      "name": "SAM_8851.JPG"
    },
    {
      "name": "Object_38"
    },
    {
      "children": [
        40
      ],
      "matrix": [
        -0.557329609142907,
        -0.48962519688313283,
        -0.6705601191166746,
        0.0,
        -0.8197993156032728,
        0.45249110045685725,
        0.3509713466135775,
        0.0,
        0.13157807153557438,
        0.7453314501512034,
        -0.6535810894651743,
        0.0,
        4.37548303604126,
        4.66719913482666,
        -5.065089702606201,
        1.0
      ],
      "name": "SAM_8852.JPG"
    },
    {
      "name": "Object_40"
    },
    {
      "children": [
        42
      ],
      "matrix": [
        -0.5500220736990173,
        -0.45748308902835566,
        -0.6987023269582737,
        0.0,
        -0.8055072506348329,
        0.5115184726791593,
        0.2991770734576644,
        0.0,
        0.22053069541119513,
        0.7273637847467069,
        -0.6498523963335066,
        0.0,
        4.46973991394043,
        4.878525257110596,
        -5.267704486846924,
        1.0
      ],
      "name": "SAM_8853.JPG"
    },
    {
      "name": "Object_42"
    },
    {
      "children": [
        44
      ],
      "matrix": [
        -0.5574233621202596,
        -0.7907441131254991,
        -0.2529880292027943,
        0.0,
        -0.5141807981154867,
        0.08956041910461043,
        0.8529929883528514,
        0.0,
        -0.6518414701534929,
        0.6055598062018107,
        -0.4565085091221832,
        0.0,
        6.6611714363098145,
        7.770597457885742,
        -6.062044620513916,
        1.0
      ],
      "name": "SAM_8854.JPG"
    },
    {
      "name": "Object_44"
    },
    {
      "children": [
        46
      ],
      "matrix": [
        -0.6152696476179835,
        -0.7407232419065205,
        -0.26976348829954166,
        0.0,
        -0.5354422977899597,
        0.14152132202971446,
        0.8326303268247982,
        0.0,
        -0.5785713494958517,
        0.6567349498164815,
        -0.48368832860850897,
        0.0,
        6.461753845214844,
        8.145706176757813,
        -6.248062610626221,
        1.0
      ],
      "name": "SAM_8855.JPG"
    },
    {
      "name": "Object_46"
    },
    {
      "children": [
        48
      ],
      "matrix": [
        -0.6414112005351609,
        -0.7101777236944042,
        -0.29024002583426944,
        0.0,
        -0.5582580373973727,
        0.1725414603411648,
        0.8115278233952128,
        0.0,
        -0.5262505444265847,
        0.6825518626680116,
        -0.5071324474524879,
        0.0,
        6.205202579498291,
        8.570412635803223,
        -6.595580101013184,
        1.0
      ],
      "name": "SAM_8856.JPG"
    },
    {
      "name": "Object_48"
    },
    {
      "children": [
        50
      ],
      "matrix": [
        -0.6614395803414044,
        -0.6782078711920113,
        -0.3202058166414017,
        0.0,
        -0.6038567735384296,
        0.22836706533319306,
        0.7636789119275607,
        0.0,
        -0.444808586483607,
        0.6984859103262608,
        -0.5605914327441601,
        0.0,
        6.019742965698242,
        8.880663871765137,
        -6.881630897521973,
        1.0
      ],
      "name": "SAM_8857.JPG"
    },
    {
      "name": "Object_50"
    },
    {
      "children": [
        52
      ],
      "matrix": [
        -0.5255754268998469,
        -0.8241979741360932,
        -0.2108747734296429,
        0.0,
        -0.40812314811956085,
        0.026776421197968414,
        0.9125341194918728,
        0.0,
        -0.746462300861887,
        0.5656683858037221,
        -0.35044730088015896,
        0.0,
        7.017948627471924,
        7.550931453704834,
        -5.843526840209961,
        1.0
      ],
      "name": "SAM_8858.JPG"
    },
    {
      "name": "Object_52"
    },
    {
      "children": [
        54
      ],
      "matrix": [
        -0.03498365265303294,
        -0.9910347391793164,
        -0.12894297106409597,
        0.0,
        0.17875793494293662,
        -0.1331463688572707,
        0.9748423693885389,
        0.0,
        -0.98327094167477,
        0.01105396760932359,
        0.18181326975252166,
        0.0,
        1.5327117443084717,
        9.838689804077148,
        -7.6668901443481445,
        1.0
      ],
      "name": "SAM_8859.JPG"
    },
    {
      "name": "Object_54"
    },
    {
      "children": [
        56
      ],
      "matrix": [
        -0.07166528972599973,
        -0.9911930576540265,
        -0.11135712238986034,
        0.0,
        0.09984829957598207,
        -0.11821263185039088,
        0.987955510507831,
        0.0,
        -0.9924184617993932,
        0.05968329858063948,
        0.10744068386910399,
        0.0,
        1.136260747909546,
        9.947700500488281,
        -7.648380756378174,
        1.0
      ],
      "name": "SAM_8860.JPG"
    },
    {
      "name": "Object_56"
    },
    {
      "children": [
        58
      ],
      "matrix": [
        -0.12034004196920844,
        -0.9864838173859016,
        -0.11121129589474538,
        0.0,
        0.03568765772918919,
        -0.11625186663784048,
        0.992578407275225,
        0.0,
        -0.9920910570026593,
        0.1154780565257193,
        0.04919505134044844,
        0.0,
        0.7351794838905334,
        10.021736145019531,
        -7.6873579025268555,
        1.0
      ],
      "name": "SAM_8861.JPG"
    },
    {
      "name": "Object_58"
    },
    {
      "children": [
        60
      ],
      "matrix": [
        -0.1534141488152272,
        -0.9815777503162892,
        -0.11388247901811716,
        0.0,
        -0.024369415581249,
        -0.11145352981966106,
        0.993470805950012,
        0.0,
        -0.9878614429805062,
        0.15518772752621401,
        -0.006821927713029474,
        0.0,
        0.38556233048439026,
        10.106026649475098,
        -7.743447303771973,
        1.0
      ],
      "name": "SAM_8862.JPG"
    },
    {
      "name": "Object_60"
    },
    {
      "children": [
        62
      ],
      "matrix": [
        -0.18604734626648045,
        -0.975127386002541,
        -0.12046977220469901,
        0.0,
        -0.08883231343298281,
        -0.10541453271736279,
        0.9904527229414459,
        0.0,
        -0.9785168394245165,
        0.19497270926935334,
        -0.06701072752047654,
        0.0,
        0.014798467047512531,
        10.183639526367188,
        -7.80314826965332,
        1.0
      ],
      "name": "SAM_8863.JPG"
    },
    {
      "name": "Object_62"
    },
    {
      "children": [
        64
      ],
      "matrix": [
        0.4835075716267532,
        -0.7935073392183215,
        -0.3695490911722824,
        0.0,
        0.6843845061294905,
        0.07947559192051956,
        0.7247768470769308,
        0.0,
        -0.5457456146864523,
        -0.6033487655540061,
        0.5814911789141461,
        0.0,
        -3.532672643661499,
        8.607583999633789,
        -6.8398613929748535,
        1.0
      ],
      "name": "SAM_8864.JPG"
    },
    {
      "name": "Object_64"
    },
    {
      "children": [
        66
      ],
      "matrix": [
        0.44886794168344535,
        -0.8347986212625093,
        -0.318792774176393,
        0.0,
        0.6368968284756881,
        0.04863338864392874,
        0.769413558099036,
        0.0,
        -0.6268014045983601,
        -0.5484031869411612,
        0.5535105633556605,
        0.0,
        -3.9247264862060547,
        8.461007118225098,
        -6.6176958084106445,
        1.0
      ],
      "name": "SAM_8865.JPG"
    },
    {
      "name": "Object_66"
    },
    {
      "children": [
        68
      ],
      "matrix": [
        0.42103491073930377,
        -0.8603783345078782,
        -0.2871910956979625,
        0.0,
        0.5809563574269017,
        0.012641300921157672,
        0.8138365365823084,
        0.0,
        -0.6965768548437514,
        -0.5094990863784454,
        0.5051646922296894,
        0.0,
        -4.272350311279297,
        8.256887435913086,
        -6.403281211853027,
        1.0
      ],
      "name": "SAM_8866.JPG"
    },
    {
      "name": "Object_68"
    },
    {
      "children": [
        70
      ],
      "matrix": [
        0.3952977012356236,
        -0.8803470089692071,
        -0.2621619178996116,
        0.0,
        0.5334090961833802,
        -0.01235032231677513,
        0.845767228998323,
        0.0,
        -0.7478064345180921,
        -0.47416939308399375,
        0.46470304836066634,
        0.0,
        -4.5674543380737305,
        8.126294136047363,
        -6.226622581481934,
        1.0
      ],
      "name": "SAM_8867.JPG"
    },
    {
      "name": "Object_70"
    },
    {
      "children": [
        72
      ],
      "matrix": [
        0.35124461659983774,
        -0.9005456476865773,
        -0.2562123255083485,
        0.0,
        0.5009708450709934,
        -0.050416884641838244,
        0.8639944155675233,
        0.0,
        -0.7909838378238127,
        -0.4318282924679374,
        0.433438454830369,
        0.0,
        -4.774590969085693,
        7.969045639038086,
        -6.13057279586792,
        1.0
      ],
      "name": "SAM_8868.JPG"
    },
    {
      "name": "Object_72"
    },
    {
      "children": [
        74
      ],
      "matrix": [
        0.31159265696234506,
        -0.9207786912025926,
        -0.23468408116953132,
        0.0,
        0.44425357367029195,
        -0.07715898706935098,
        0.8925722676599394,
        0.0,
        -0.8399695104039914,
        -0.3823782061541591,
        0.3850170503367436,
        0.0,
        -5.1185407638549805,
        7.844398021697998,
        -6.016073226928711,
        1.0
      ],
      "name": "SAM_8869.JPG"
    },
    {
      "name": "Object_74"
    },
    {
      "children": [
        76
      ],
      "matrix": [
        0.6142092306487574,
        -0.4855322414877383,
        -0.6220976317763588,
        0.0,
        0.7658200182565515,
        0.5569722066581032,
        0.3214057570236385,
        0.0,
        0.1904382330925081,
        -0.673825202471899,
        0.7139277805844986,
        0.0,
        -6.35947847366333,
        6.228722095489502,
        -4.451562881469727,
        1.0
      ],
      "name": "SAM_8870.JPG"
    },
    {
      "name": "Object_76"
    },
    {
      "children": [
        78
      ],
      "matrix": [
        0.6181682570471637,
        -0.5244910821430824,
        -0.5854716993430598,
        0.0,
        0.7794871882424317,
        0.5050495898227815,
        0.3705733870446555,
        0.0,
        0.10132980482158047,
        -0.6854443934938987,
        0.7210397035410753,
        0.0,
        -6.367179870605469,
        5.925956726074219,
        -4.1539506912231445,
        1.0
      ],
      "name": "SAM_8871.JPG"
    },
    {
      "name": "Object_78"
    },
    {
      "children": [
        80
      ],
      "matrix": [
        0.6211037932624501,
        -0.5427366413207501,
        -0.5653910294326107,
        0.0,
        0.7824419486561208,
        0.4707283881756872,
        0.4076755837044108,
        0.0,
        0.044885130925597094,
        -0.6955945102812351,
        0.717031102734324,
        0.0,
        -6.329965591430664,
        5.732192516326904,
        -3.9873669147491455,
        1.0
      ],
      "name": "SAM_8872.JPG"
    },
    {
      "name": "Object_80"
    },
    {
      "children": [
        82
      ],
      "matrix": [
        0.6359366794705406,
        -0.5529904693887168,
        -0.5383178247738316,
        0.0,
        0.7717078783808914,
        0.4491744319596631,
        0.4502324734163201,
        0.0,
        -0.007175663651986519,
        -0.7017434505850131,
        0.7123935986603143,
        0.0,
        -6.4169697761535645,
        5.602061748504639,
        -3.7436845302581787,
        1.0
      ],
      "name": "SAM_8873.JPG"
    },
    {
      "name": "Object_82"
    },
    {
      "children": [
        84
      ],
      "matrix": [
        0.6329974866554697,
        -0.5874332545022973,
        -0.504218557168117,
        0.0,
        0.7687282931116692,
        0.3999810141834921,
        0.49907113687566096,
        0.0,
        -0.0914931322967904,
        -0.7035178461116566,
        0.70476353973864,
        0.0,
        -6.532194137573242,
        5.265722751617432,
        -3.4105224609375,
        1.0
      ],
      "name": "SAM_8874.JPG"
    },
    {
      "name": "Object_84"
    },
    {
      "children": [
        86
      ],
      "matrix": [
        0.6246757614893739,
        -0.6165303102315359,
        -0.47923957429815534,
        0.0,
        0.7650161145479691,
        0.36008424759800306,
        0.5339378981807799,
        0.0,
        -0.15662227647943175,
        -0.7001640602013119,
        0.6965915240029943,
        0.0,
        -6.580125331878662,
        5.052019119262695,
        -3.20731782913208,
        1.0
      ],
      "name": "SAM_8875.JPG"
    },
    {
      "name": "Object_86"
    },
    {
      "children": [
        88
      ],
      "matrix": [
        0.6216448649834575,
        -0.6244246653337826,
        -0.47291806812860554,
        0.0,
        0.7597636384411979,
        0.3337808703684708,
        0.5579870466943283,
        0.0,
        -0.19056987049975,
        -0.7061757344307856,
        0.6819083197606911,
        0.0,
        -6.672255039215088,
        4.897559642791748,
        -3.083211898803711,
        1.0
      ],
      "name": "SAM_8876.JPG"
    },
    {
      "name": "Object_88"
    },
    {
      "children": [
        90
      ],
      "matrix": [
        0.6187319126835253,
        -0.6272101918706237,
        -0.47305200077856335,
        0.0,
        0.7624397949239812,
        0.3342797449692432,
        0.5540240168256021,
        0.0,
        -0.18935780771667113,
        -0.7034660100651013,
        0.6850395560402501,
        0.0,
        -6.656736850738525,
        4.917766571044922,
        -3.106491804122925,
        1.0
      ],
      "name": "SAM_8877.JPG"
    },
    {
      "name": "Object_90"
    },
    {
      "children": [
        92
      ],
      "matrix": [
        0.495746230170514,
        -0.1698087273870117,
        -0.8517045681308323,
        0.0,
        0.4878184673286511,
        0.8658182744263287,
        0.11131872530055448,
        0.0,
        0.7185184884224273,
        -0.4706630554575301,
        0.5120619786925528,
        0.0,
        -5.700862884521484,
        2.577692747116089,
        -2.1423001289367676,
        1.0
      ],
      "name": "SAM_8878.JPG"
    },
    {
      "name": "Object_92"
    },
    {
      "children": [
        94
      ],
      "matrix": [
        0.5486960880994043,
        -0.18627353691055146,
        -0.8150059952854606,
        0.0,
        0.5477366029421142,
        0.8165876650093278,
        0.1821241311634639,
        0.0,
        0.6315989365901779,
        -0.5463394135530104,
        0.5500872917062428,
        0.0,
        -5.440784454345703,
        2.264211893081665,
        -1.7970569133758545,
        1.0
      ],
      "name": "SAM_8879.JPG"
    },
    {
      "name": "Object_94"
    },
    {
      "children": [
        96
      ],
      "matrix": [
        0.5817639694407503,
        -0.21732128782494117,
        -0.783787051257324,
        0.0,
        0.5952695006471934,
        0.7704354341292152,
        0.22821801733730088,
        0.0,
        0.5542606836676969,
        -0.5993335462797296,
        0.5775763108403777,
        0.0,
        -5.290101528167725,
        2.01867938041687,
        -1.5609184503555298,
        1.0
      ],
      "name": "SAM_8880.JPG"
    },
    {
      "name": "Object_96"
    },
    {
      "children": [
        98
      ],
      "matrix": [
        0.6087410781652522,
        -0.25222070269377217,
        -0.7522094235562766,
        0.0,
        0.6259676631030244,
        0.7352109954641123,
        0.2600562956323256,
        0.0,
        0.4874410574659717,
        -0.6291657248144791,
        0.6054351379091953,
        0.0,
        -5.1978325843811035,
        1.7925916910171509,
        -1.3764030933380127,
        1.0
      ],
      "name": "SAM_8881.JPG"
    },
    {
      "name": "Object_98"
    },
    {
      "children": [
        100
      ],
      "matrix": [
        0.6437087032356146,
        -0.28093357886840087,
        -0.7118394690117397,
        0.0,
        0.6465125348871774,
        0.6973363985253382,
        0.3094244488166162,
        0.0,
        0.40946385385340134,
        -0.6593923502406609,
        0.6305085890228759,
        0.0,
        -5.154805660247803,
        1.587647795677185,
        -1.0788798332214355,
        1.0
      ],
      "name": "SAM_8882.JPG"
    },
    {
      "name": "Object_100"
    },
    {
      "children": [
        102
      ],
      "matrix": [
        0.6581417479757125,
        -0.3147042504651961,
        -0.6839668663836085,
        0.0,
        0.6687196502783523,
        0.6617380211416439,
        0.3389938357951945,
        0.0,
        0.3459240796808918,
        -0.6804880793332682,
        0.6459663342483475,
        0.0,
        -5.086588382720947,
        1.377261757850647,
        -0.9180351495742798,
        1.0
      ],
      "name": "SAM_8883.JPG"
    },
    {
      "name": "Object_102"
    },
    {
      "children": [
        104
      ],
      "matrix": [
        0.8181123285490755,
        0.25062144315033325,
        -0.5175723235541617,
        0.0,
        -0.21329884044390424,
        -0.7035813368815671,
        -0.6778472593860903,
        0.0,
        -0.5340372857219761,
        0.6649527762369234,
        -0.5221513026255065,
        0.0,
        -6.781283378601074,
        -1.7045859098434448,
        -6.126918792724609,
        1.0
      ],
      "name": "SAM_8884.JPG"
    },
    {
      "name": "Object_104"
    },
    {
      "children": [
        106
      ],
      "matrix": [
        0.8000048914615058,
        0.29401111846446043,
        -0.5230197279806388,
        0.0,
        -0.1750965459323376,
        -0.7193595841947067,
        -0.672207548477242,
        0.0,
        -0.5738757472138278,
        0.6293482746830216,
        -0.52401085476665,
        0.0,
        -6.178413391113281,
        -2.437372922897339,
        -5.485500335693359,
        1.0
      ],
      "name": "SAM_8885.JPG"
    },
    {
      "name": "Object_106"
    },
    {
      "children": [
        108
      ],
      "matrix": [
        0.7477093292522505,
        0.3521577994050572,
        -0.5629526119198108,
        0.0,
        -0.15320624766876176,
        -0.7334224663306446,
        -0.6622834223780125,
        0.0,
        -0.6461103656685966,
        0.5814433508087116,
        -0.4944340453244802,
        0.0,
        -5.83151912689209,
        -3.05267333984375,
        -4.974576950073242,
        1.0
      ],
      "name": "SAM_8886.JPG"
    },
    {
      "name": "Object_108"
    },
    {
      "children": [
        110
      ],
      "matrix": [
        0.6958152941965225,
        0.3713743605330243,
        -0.6147537398836173,
        0.0,
        -0.18560152325687787,
        -0.7338900078560093,
        -0.6534198733845128,
        0.0,
        -0.6938250146304422,
        0.5687587719831612,
        -0.44172424471073923,
        0.0,
        -5.23145866394043,
        -3.408600330352783,
        -4.714148998260498,
        1.0
      ],
      "name": "SAM_8887.JPG"
    },
    {
      "name": "Object_110"
    },
    {
      "children": [
        112
      ],
      "matrix": [
        0.5685854834019807,
        0.4610202632792443,
        -0.6813008622557822,
        0.0,
        -0.13838156026875295,
        -0.7627987325506198,
        -0.6316554736537581,
        0.0,
        -0.8109014069799864,
        0.45342960916233094,
        -0.36991958273761916,
        0.0,
        -3.8864870071411133,
        -4.034242630004883,
        -4.10529899597168,
        1.0
      ],
      "name": "SAM_8888.JPG"
    },
    {
      "name": "Object_112"
    },
    {
      "children": [
        114
      ],
      "matrix": [
        0.3686994468154351,
        0.5297840001109235,
        -0.7637994705054862,
        0.0,
        -0.139578803965948,
        -0.7808188529218059,
        -0.608966071637256,
        0.0,
        -0.9190095077861968,
        0.3311356703050051,
        -0.21394086203955442,
        0.0,
        -2.2568609714508057,
        -4.492864608764648,
        -3.6261520385742188,
        1.0
      ],
      "name": "SAM_8889.JPG"
    },
    {
      "name": "Object_114"
    },
    {
      "children": [
        116
      ],
      "matrix": [
        -0.11396212484489054,
        0.57279780838428,
        -0.8117359822078871,
        0.0,
        -0.06779687986448518,
        -0.8196381712583305,
        -0.5688557385637768,
        0.0,
        -0.9911691163376097,
        -0.009794841829509626,
        0.13224161180224914,
        0.0,
        -0.02675417810678482,
        -4.4886016845703125,
        -3.3380753993988037,
        1.0
      ],
      "name": "SAM_8890.JPG"
    },
    {
      "name": "Object_116"
    },
    {
      "children": [
        118
      ],
      "matrix": [
        -0.178280479475611,
        0.589470135581611,
        -0.7878712013364515,
        0.0,
        -0.02108986171699162,
        -0.8028038022452775,
        -0.5958701811915774,
        0.0,
        -0.9837536726084961,
        -0.0896159269210679,
        0.1555560904348443,
        0.0,
        1.432729721069336,
        -4.453497409820557,
        -3.332817554473877,
        1.0
      ],
      "name": "SAM_8891.JPG"
    },
    {
      "name": "Object_118"
    },
    {
      "children": [
        120
      ],
      "matrix": [
        -0.297017659281237,
        0.5561994677802834,
        -0.7761589155037931,
        0.0,
        -0.0020502531512229805,
        -0.813210408289931,
        -0.5819661745419052,
        0.0,
        -0.954869785121045,
        -0.17126290868093108,
        0.24267820168493948,
        0.0,
        2.477849006652832,
        -4.326087474822998,
        -3.436936378479004,
        1.0
      ],
      "name": "SAM_8892.JPG"
    },
    {
      "name": "Object_120"
    },
    {
      "children": [
        122
      ],
      "matrix": [
        -0.4326179799263692,
        0.513671246285693,
        -0.7409342306734998,
        0.0,
        0.032935393515868466,
        -0.8122671664311132,
        -0.5823549692343373,
        0.0,
        -0.9009755508882487,
        -0.27634019084685074,
        0.3344834160677377,
        0.0,
        3.5882632732391357,
        -3.961665391921997,
        -3.8166933059692383,
        1.0
      ],
      "name": "SAM_8893.JPG"
    },
    {
      "name": "Object_122"
    },
    {
      "children": [
        124
      ],
      "matrix": [
        -0.7619198666133868,
        0.32275565158784536,
        -0.5615219552501434,
        0.0,
        0.12635512596769496,
        -0.776252763492197,
        -0.6176293624111591,
        0.0,
        -0.6352263368292648,
        -0.5415352588140798,
        0.5506605710050801,
        0.0,
        5.99379825592041,
        -3.672189712524414,
        -4.1834235191345215,
        1.0
      ],
      "name": "SAM_8894.JPG"
    },
    {
      "name": "Object_124"
    },
    {
      "children": [
        126
      ],
      "matrix": [
        -0.7976664549583872,
        0.30530509622687846,
        -0.5201125117241617,
        0.0,
        0.11379552118110274,
        -0.7707184526396635,
        -0.6269319310099338,
        0.0,
        -0.5922658237592652,
        -0.5592690452533734,
        0.5800339033437092,
        0.0,
        6.595499515533447,
        -3.184317111968994,
        -4.667361736297607,
        1.0
      ],
      "name": "SAM_8895.JPG"
    },
    {
      "name": "Object_126"
    },
    {
      "children": [
        128
      ],
      "matrix": [
        -0.7945717185721617,
        0.32868427100795294,
        -0.5105119332956403,
        0.0,
        0.10874685313369088,
        -0.7501709412420312,
        -0.6522405084396129,
        0.0,
        -0.5973524135540103,
        -0.5737684279463412,
        0.5603212338589205,
        0.0,
        6.910323143005371,
        -2.9066479206085205,
        -4.88595724105835,
        1.0
      ],
      "name": "SAM_8896.JPG"
    },
    {
      "name": "Object_128"
    },
    {
      "children": [
        130
      ],
      "matrix": [
        -0.8298344798591835,
        0.2610038042368722,
        -0.4932055861511701,
        0.0,
        0.13855293548793424,
        -0.7598098320145033,
        -0.6352102826952416,
        0.0,
        -0.5405347538359723,
        -0.5954544763019024,
        0.594353553491112,
        0.0,
        7.3962273597717285,
        -2.5101959705352783,
        -5.416225433349609,
        1.0
      ],
      "name": "SAM_8897.JPG"
    },
    {
      "name": "Object_130"
